  0    0    1    0  

  1    0    0    0  

  0    0    0    1  

  0    1    0    0  



  1    0    0    0    0    0    0    0  

  0    0    0    0    0    0    1    0  

  0    0    0    0    1    0    0    0  

  0    0    0    0    0    0    0    1  

  0    1    0    0    0    0    0    0  

  0    0    0    1    0    0    0    0  

  0    0    0    0    0    1    0    0  

  0    0    1    0    0    0    0    0  



  1    0    0    0    0    0    0    0    0    0    0    0    0    0    0    0  

  0    0    0    1    0    0    0    0    0    0    0    0    0    0    0    0  

  0    1    0    0    0    0    0    0    0    0    0    0    0    0    0    0  

  0    0    0    0    0    0    0    0    0    0    0    0    1    0    0    0  

  0    0    1    0    0    0    0    0    0    0    0    0    0    0    0    0  

  0    0    0    0    0    0    0    0    0    1    0    0    0    0    0    0  

  0    0    0    0    0    0    0    0    0    0    0    1    0    0    0    0  

  0    0    0    0    0    0    0    0    0    0    0    0    0    0    1    0  

  0    0    0    0    0    1    0    0    0    0    0    0    0    0    0    0  

  0    0    0    0    0    0    0    0    0    0    0    0    0    0    0    1  

  0    0    0    0    0    0    0    0    0    0    0    0    0    1    0    0  

  0    0    0    0    0    0    0    1    0    0    0    0    0    0    0    0  

  0    0    0    0    1    0    0    0    0    0    0    0    0    0    0    0  

  0    0    0    0    0    0    1    0    0    0    0    0    0    0    0    0  

  0    0    0    0    0    0    0    0    1    0    0    0    0    0    0    0  

  0    0    0    0    0    0    0    0    0    0    1    0    0    0    0    0  



N			Time(ns)
4		1000000
8		2000000
16		18000000

